25

9 7
5 6 3 4 9 8 8

7 7
7 7 7 6 5 4 4

10 9
1 4 7 3 10 9 9 7 6

7 9
3 6 2 6 6 5 7 7 7

10 9
4 6 8 8 10 10 8 7 2

96 95
78 11 14 71 35 2 46 77 63 6 96 43 86 30 62 77 23 55 24 70 12 95 51 60 79 37 34 47 95 21 11 22 6 73 43 24 46 15 89 47 56 2 41 57 73 92 82 58 64 5 30 40 38 93 66 18 26 40 35 9 46 33 66 27 96 67 46 3 81 15 72 3 95 31 92 39 44 45 47 67 13 84 54 4 66 43 38 74 86 65 96 96 53 93 92

91 90
1 63 85 57 55 9 3 26 79 41 73 40 28 2 76 72 37 16 15 45 47 26 43 10 86 15 57 4 78 86 36 24 16 37 83 45 59 20 35 84 2 19 56 78 62 40 84 13 7 58 73 20 35 15 71 69 54 28 85 79 81 11 42 41 54 22 72 67 12 87 29 17 5 42 54 87 86 67 84 17 32 82 29 13 34 77 76 74 26 50

91 97
65 20 10 80 13 45 16 28 10 69 32 51 32 55 18 61 6 21 49 23 35 54 51 5 32 42 45 81 18 40 54 62 77 18 22 16 60 31 45 43 51 22 86 55 8 25 85 1 67 60 16 89 72 60 63 81 79 29 53 56 34 18 91 9 75 64 84 85 3 9 64 87 56 74 55 83 31 61 51 80 9 45 3 23 44 3 1 24 39 11 52 27 54 65 64 8 14

90 91
56 32 48 3 19 89 75 27 32 8 65 76 42 50 67 44 43 60 59 30 85 55 62 44 59 60 30 25 35 79 73 20 8 5 83 16 80 2 7 30 72 52 75 42 23 31 25 39 9 60 6 24 39 6 48 5 42 56 20 46 57 10 1 54 42 53 16 48 49 25 6 12 4 13 20 11 20 29 26 7 20 30 30 16 30 6 6 7 21 10 19

90 95
27 22 43 78 33 38 12 34 64 18 43 14 54 11 56 75 61 12 39 29 55 41 11 55 27 15 22 43 74 3 28 84 70 5 50 26 70 10 21 16 74 56 56 85 47 63 42 3 51 25 87 13 84 6 44 81 30 28 78 30 32 3 66 41 46 16 61 18 28 3 66 41 14 8 3 41 6 40 58 44 33 5 11 28 1 29 48 15 32 25 9 14 24 3 19

94 100
10 79 29 92 57 38 55 84 28 84 41 15 36 59 18 5 94 61 68 66 42 62 42 82 90 77 26 12 75 62 73 73 89 33 87 21 22 7 56 41 10 7 56 52 53 34 81 61 58 77 3 59 73 94 51 84 37 28 6 44 15 33 35 32 6 54 74 91 8 32 37 23 14 25 9 45 88 59 36 11 44 79 67 71 94 64 91 80 22 83 32 47 73 2 40 50 10 11 92 93

95 95
60 82 89 54 18 13 17 86 79 38 54 77 26 85 7 35 22 56 11 76 86 12 31 79 95 61 28 42 1 91 71 64 36 37 88 87 86 37 24 32 75 20 32 16 19 28 76 57 54 27 36 59 49 21 27 33 19 9 52 47 32 20 56 7 29 3 19 44 53 31 2 41 42 14 49 3 35 25 44 34 23 29 5 26 2 7 22 11 5 18 1 13 18 25 24

91 100
88 82 20 66 65 90 24 81 9 59 15 7 30 62 60 74 77 64 1 42 70 62 2 10 50 30 54 14 74 52 76 7 54 32 32 24 49 10 1 27 10 44 3 60 55 5 7 42 6 10 52 25 21 12 43 29 18 15 47 38 6 15 30 10 15 30 39 26 23 26 21 9 23 32 27 3 25 26 26 3 11 18 11 5 15 12 2 2 12 14 9 14 4 1 8 9 9 4 3 6

98 100
74 29 71 88 37 97 88 94 56 75 40 88 16 78 34 77 5 87 64 96 37 91 42 87 49 37 69 93 53 67 96 36 95 77 19 64 91 5 57 14 31 79 64 31 69 51 26 67 45 78 8 77 63 5 44 46 21 31 61 11 67 18 13 20 25 62 21 4 54 2 28 1 4 40 36 51 37 6 46 39 47 6 27 36 43 10 22 18 11 1 24 25 12 8 3 12 10 1 22 15

93 98
38 35 59 38 13 47 92 81 67 64 61 27 88 49 70 68 37 21 49 72 58 77 34 15 57 18 20 61 80 77 61 33 92 45 72 74 21 61 85 19 92 45 20 89 4 35 27 15 24 83 26 50 17 24 75 22 12 51 74 35 35 52 5 40 38 63 5 28 48 6 2 3 2 34 9 35 57 12 34 35 4 50 40 1 44 24 3 14 41 26 14 12 25 14 37 6 33 24

977 999
665 196 918 819 794 420 700 336 24 848 243 761 122 745 909 260 678 965 844 331 750 293 839 194 440 77 128 701 659 743 166 651 231 96 338 149 322 387 184 845 13 616 295 273 885 685 274 786 680 119 132 946 580 965 835 414 87 922 348 559 797 59 640 21 268 336 537 191 731 11 538 82 796 886 262 451 640 222 238 373 314 545 823 755 558 135 256 957 189 483 536 735 415 762 745 964 892 40 50 579 963 224 464 614 406 384 565 108 312 653 110 492 256 29 90 504 661 751 50 792 955 770 126 309 84 101 35 161 338 306 969 81 588 22 156 114 72 53 625 122 954 730 708 715 61 105 261 342 565 896 433 652 741 171 597 402 366 73 750 273 436 832 420 802 955 885 795 352 76 290 22 338 937 235 403 277 734 120 636 853 108 908 200 76 907 315 286 275 229 364 719 715 656 786 260 743 612 451 247 386 657 236 905 223 739 328 170 105 381 576 923 361 679 537 175 597 342 475 547 427 700 18 943 187 797 838 406 408 777 508 378 903 736 318 493 57 924 584 168 460 872 617 644 930 107 308 664 466 976 924 372 856 968 517 266 71 779 263 622 135 404 859 400 709 252 319 4 875 255 41 779 228 800 402 901 135 547 296 919 645 954 952 143 864 268 20 966 402 681 254 653 352 223 794 95 588 874 962 822 906 284 711 883 36 69 71 754 912 732 314 495 893 651 791 174 544 774 890 562 413 320 944 79 79 976 875 774 389 258 685 330 508 937 723 282 551 64 46 866 241 832 298 521 777 428 511 933 685 916 334 303 581 578 711 490 855 205 950 554 413 463 435 2 871 209 745 911 481 499 972 718 58 612 824 116 464 370 410 61 525 912 878 567 897 634 280 325 170 261 371 594 975 683 750 381 653 693 431 288 30 475 797 59 404 892 697 410 20 335 902 85 859 427 739 16 891 445 917 291 193 305 300 262 910 534 438 740 554 549 639 470 967 721 721 204 287 174 179 96 53 912 894 300 605 297 500 99 296 397 755 697 81 425 108 960 41 501 932 964 360 599 592 969 967 788 81 945 646 358 242 52 255 914 628 128 254 902 790 110 771 972 52 212 422 54 888 53 848 668 518 569 831 390 953 523 75 168 475 231 821 738 956 453 441 895 241 693 192 490 103 470 31 946 871 235 328 506 872 590 456 525 97 968 232 32 233 284 465 323 492 289 241 389 579 860 224 45 884 437 489 497 96 287 224 141 841 754 724 693 233 147 273 86 30 774 554 28 589 111 926 523 150 454 14 905 728 75 384 453 386 371 891 211 853 242 166 225 299 847 102 371 818 524 906 444 125 230 640 343 466 80 607 605 488 537 457 739 326 85 154 519 237 301 34 864 114 520 40 613 217 784 27 312 486 950 952 403 921 366 266 215 383 202 837 184 687 230 464 472 106 384 551 915 421 761 548 4 97 418 738 934 557 717 563 829 613 548 95 325 685 512 393 414 540 506 247 535 154 713 511 514 287 498 512 16 927 661 516 241 467 310 267 335 784 665 558 257 928 37 357 783 544 663 933 976 438 722 154 214 157 844 803 554 525 215 910 493 356 485 593 882 786 101 816 302 591 487 815 888 635 295 551 29 476 534 765 509 905 315 389 448 310 84 132 138 518 116 950 346 695 779 948 64 822 576 207 518 287 384 126 608 576 539 476 683 557 153 964 47 898 913 584 763 894 659 144 188 248 777 878 948 92 94 554 852 266 383 748 4 139 404 408 468 4 155 701 365 916 712 296 233 865 58 564 830 751 26 400 882 761 245 185 110 734 382 287 407 634 868 687 868 604 72 577 44 881 159 346 147 598 170 822 934 872 900 340 309 794 198 767 696 196 872 707 520 7 9 427 258 93 300 70 870 11 573 245 563 263 171 700 230 376 130 383 937 242 103 684 950 430 29 21 924 153 253 606 709 770 718 422 598 949 911 669 682 545 518 242 542 27 120 497 226 296 514 846 322 284 712 451 831 682 793 76 157 140 291 656 707 205 798 104 645 628 348 500 525 843 914 475 475 313 832 393 602 839 533 282 29 684 262 200 533 233 325 18 824 578 956 144 831 599 715 392 659 855 762 903 283 634 290 876 558 332 952 610 674 465 176 186 953 139 775 630 744 431 139 117 656 194 121 504 756 297 371 353 80 252 778 909 949 434 93 124 444 56 59 61 156 373 107 315 42 966 815 128 346 183 66 770 941 530 93 222 611 800 100 39 495 85 635 422 974 120 285 971 970 576 969

977 975
604 194 943 534 129 375 206 481 878 223 275 122 199 469 941 859 489 507 508 429 904 640 462 550 799 913 880 738 107 44 279 71 343 522 191 51 500 715 857 433 566 622 182 652 633 952 689 445 483 354 352 711 53 319 2 638 766 159 894 721 355 99 68 304 438 67 862 671 797 175 4 143 555 31 879 774 610 493 54 197 78 337 60 911 231 273 709 405 745 849 757 442 92 474 492 107 704 362 291 370 304 154 343 875 414 661 106 592 138 176 114 61 354 272 355 764 715 486 283 320 345 861 316 798 791 319 301 13 781 297 465 748 308 228 132 945 449 486 362 731 140 575 240 951 459 871 736 23 338 568 743 733 179 249 707 726 469 193 476 421 937 479 687 843 493 64 531 796 109 680 527 806 137 61 646 549 459 699 843 596 493 538 871 16 734 563 317 283 367 141 908 10 504 496 265 856 48 128 152 134 396 97 794 731 833 867 78 296 771 510 218 374 128 46 265 752 461 37 73 933 402 479 847 590 860 616 78 612 209 269 640 324 803 563 541 452 399 517 975 735 541 260 298 927 873 123 89 67 862 846 880 29 253 188 450 12 819 467 731 367 607 239 276 63 262 594 41 583 738 797 287 55 664 612 475 352 79 746 897 446 548 958 554 142 643 613 165 357 339 508 279 128 350 70 544 826 445 220 609 15 512 141 310 865 59 82 647 181 742 668 190 503 906 304 442 713 722 871 673 346 816 617 65 779 842 15 204 110 177 727 124 637 304 791 861 613 643 432 875 918 660 110 439 248 327 633 571 134 467 768 41 549 166 720 407 329 687 920 361 964 510 443 901 465 456 675 487 887 886 771 657 337 502 33 195 98 338 666 800 345 155 16 454 710 112 114 59 29 329 669 781 549 647 486 921 62 924 294 31 927 176 967 309 726 858 627 465 58 59 862 409 437 455 972 137 232 916 272 253 303 786 733 508 159 917 818 718 140 794 309 580 690 787 167 752 693 346 894 324 446 134 201 235 576 22 951 354 538 447 945 102 859 970 854 122 264 76 540 621 457 194 180 709 549 1 589 411 103 136 879 696 673 166 315 297 728 766 158 612 830 475 226 739 188 24 141 195 937 390 115 259 729 511 217 523 572 58 262 414 966 499 253 829 616 647 760 199 648 41 962 926 313 87 738 499 896 259 639 373 360 571 63 741 389 854 356 946 815 438 287 346 180 440 503 98 423 690 345 521 548 402 745 851 359 763 435 776 213 9 752 574 1 368 523 466 325 419 440 348 951 163 93 273 428 536 798 258 303 370 720 231 107 360 217 750 241 147 427 80 876 40 67 129 388 118 407 247 598 126 443 503 208 772 554 276 952 765 688 252 510 915 341 741 265 890 420 75 510 901 198 845 489 759 503 974 304 772 11 839 843 413 270 622 375 940 976 660 658 882 277 31 736 49 263 725 734 780 375 435 386 167 846 782 409 850 695 726 27 260 97 909 454 289 292 339 684 270 581 600 111 539 929 581 758 190 224 613 554 952 313 95 640 865 583 838 810 914 757 378 151 319 259 434 805 377 181 837 841 826 877 809 504 539 607 47 23 412 259 369 278 39 1 180 817 425 569 211 674 797 568 962 288 755 67 438 128 279 789 431 448 177 613 440 505 90 345 282 32 699 249 901 774 121 839 778 972 585 721 764 540 363 648 275 519 138 846 581 412 829 891 401 708 519 147 522 536 765 976 637 640 796 80 77 108 207 705 275 612 89 744 700 895 349 461 89 62 157 738 427 907 932 72 338 555 272 89 512 933 218 968 267 808 724 383 680 859 193 111 238 934 343 377 637 290 910 645 823 661 976 792 802 349 395 295 41 314 549 593 106 190 662 514 294 714 737 372 279 348 949 451 54 321 336 480 82 65 823 968 384 969 285 31 882 429 248 805 123 239 35 386 957 600 325 590 181 98 393 761 510 485 337 435 783 420 427 325 134 462 241 480 895 260 137 455 460 881 708 942 582 354 499 938 4 540 289 611 170 94 899 72 706 480 843 24 700 782 627 527 244 298 722 54 346 251 915 663 193 404 560 744 676 27 908 41 357 81 203 804 147 900 895 737 897 136 217 129 464 405 429 229 689 545 78 384 821 118 487 698 427 219 747 330 388 106 76 145 278 592 850 74 569 209 488 346 510 193 723 615 123 636 303 71 415 364 234 7 31 386 697 251 703 743 829 440 69

998 971
948 825 140 72 38 467 240 640 513 512 712 969 937 736 626 981 377 320 242 831 348 247 99 995 143 346 489 980 649 545 268 844 127 762 630 764 612 294 752 576 723 375 636 634 973 298 236 275 731 556 287 89 792 73 811 184 804 146 339 562 252 550 562 445 129 609 556 902 817 899 680 101 329 67 720 575 983 180 265 175 983 353 672 308 595 978 750 868 883 879 390 753 660 599 374 339 727 688 192 410 143 585 461 995 482 448 56 54 551 689 605 693 374 142 844 791 664 182 118 838 605 79 441 468 835 826 124 753 689 609 992 44 728 870 301 943 200 285 827 262 988 756 826 775 911 973 695 207 402 584 13 863 296 488 820 756 866 107 467 366 364 732 617 796 738 520 675 921 331 249 432 289 534 847 719 296 55 306 673 79 10 143 302 973 222 934 619 518 191 764 746 976 226 943 561 385 226 139 579 785 141 546 509 274 390 369 589 673 614 437 191 265 333 964 433 905 35 784 511 52 699 576 964 966 958 911 231 578 798 497 185 233 728 896 328 124 809 613 640 670 756 3 367 881 857 581 737 502 803 750 82 665 966 115 926 375 473 747 871 918 302 28 923 303 457 645 470 91 323 654 754 691 265 307 949 380 175 831 210 954 179 273 403 219 685 495 326 552 142 169 828 144 621 841 615 903 794 65 821 519 67 812 205 785 592 260 396 515 259 538 47 141 517 728 661 569 871 877 615 866 380 710 830 649 222 709 696 21 739 135 310 757 869 643 704 561 546 145 206 654 647 273 644 47 197 529 650 563 235 78 189 166 189 141 574 163 504 776 287 67 374 47 225 827 645 315 775 617 644 562 778 781 103 159 163 424 718 321 704 547 594 823 441 541 301 261 507 117 274 871 228 547 399 69 379 231 253 433 296 748 859 649 82 197 740 562 427 760 548 121 253 143 187 646 809 341 69 439 424 142 609 210 70 471 773 432 456 416 105 778 772 294 106 624 356 310 388 778 227 400 597 744 369 663 682 439 764 391 646 403 446 454 431 270 66 637 797 137 712 554 84 447 379 382 256 745 756 694 88 753 765 346 96 215 112 72 503 77 422 411 367 546 603 525 448 65 697 591 642 331 596 107 327 329 371 347 742 590 551 456 725 100 201 256 332 577 733 8 644 429 11 665 277 2 83 601 104 505 305 583 673 635 101 317 570 361 659 173 201 214 399 285 314 130 345 232 141 224 407 589 323 477 275 569 88 363 107 43 280 438 168 646 9 32 648 637 511 661 285 171 420 9 664 357 664 623 4 411 256 228 251 35 124 78 514 131 161 333 155 192 314 643 157 31 678 119 306 106 287 186 272 554 63 415 419 530 657 144 48 88 102 99 210 536 600 226 426 349 488 627 104 11 293 612 222 232 414 645 529 229 216 500 68 307 204 598 217 343 590 209 441 540 211 87 46 303 422 280 355 169 412 405 119 93 80 229 149 200 160 242 122 366 279 133 163 344 504 119 452 459 109 343 173 181 493 553 574 398 138 550 186 588 335 126 417 587 396 257 398 276 148 416 10 497 458 502 336 210 369 537 201 530 19 407 569 107 512 313 316 316 63 328 363 83 136 30 94 413 380 153 49 22 461 85 237 142 29 323 229 429 179 163 124 120 456 177 526 349 514 104 413 407 324 169 331 154 453 74 34 38 303 478 340 131 121 160 303 439 354 387 393 296 302 248 302 168 75 31 220 18 489 101 248 392 99 408 176 29 382 26 31 232 191 453 348 128 441 371 303 166 390 149 313 339 214 477 173 400 298 320 326 387 421 295 114 48 277 3 184 60 239 145 208 16 4 171 397 11 268 436 277 204 346 214 410 255 52 310 401 341 442 401 150 392 420 388 238 163 336 2 199 108 359 110 215 230 1 136 217 27 81 208 264 347 336 319 57 173 342 386 67 320 268 167 216 41 2 252 299 399 118 194 342 37 240 363 55 190 383 266 5 146 6 218 386 139 211 372 216 121 280 187 230 33 94 64 365 243 43 200 279 56 303 20 284 352 18 150 67 45 15 296 45 330 322 143 291 135 247 176 352 56 79 34 293 310 227 297 74 269 212 23 6 86 290 179 230 85 42 154 104 55 119 274 101 273 67 33 92 10 84 219 191 112 180 17 186 236 154 214 58 310 241 216 250 304 5 99 17 63 233 99 268 80 99 162 275 143 155 244 179

979 995
919 574 657 47 816 836 852 628 940 810 204 439 360 178 251 562 708 520 134 147 268 512 236 480 916 801 830 676 594 636 498 65 76 448 508 356 730 738 177 654 532 648 342 29 844 16 606 737 74 688 481 213 236 959 438 184 592 811 949 531 151 161 871 912 801 10 931 672 663 899 74 870 305 968 715 873 67 892 296 216 666 856 82 717 482 257 61 411 626 387 5 880 914 826 860 861 773 864 801 70 330 416 327 568 548 193 35 287 814 716 388 333 137 756 803 571 946 746 903 381 898 69 398 778 750 411 52 779 194 780 542 748 869 381 861 838 335 812 492 351 465 19 57 781 675 356 511 172 336 35 647 125 292 897 924 602 167 411 606 650 537 105 182 450 492 431 917 576 504 114 632 328 143 54 90 880 599 219 168 620 6 847 326 360 296 729 491 624 758 604 214 104 801 896 620 235 671 203 824 387 34 100 787 735 147 825 617 263 271 313 674 351 625 752 829 138 554 514 305 192 14 618 849 728 55 342 715 542 175 289 164 58 600 93 115 312 572 86 376 399 702 408 623 357 575 777 700 443 549 827 721 457 196 779 644 140 490 126 721 526 236 715 227 475 746 325 225 481 265 495 303 158 766 581 806 202 614 219 374 135 377 96 273 318 146 362 649 150 175 117 236 785 310 298 196 516 382 120 519 51 114 376 183 536 262 641 2 48 369 317 727 75 16 50 60 575 343 591 179 615 73 637 731 327 589 605 243 698 171 678 358 49 480 756 172 23 303 582 555 714 406 334 156 461 690 400 268 162 21 499 308 590 294 228 421 638 94 116 78 633 367 312 135 117 234 361 11 718 539 717 165 171 140 262 37 154 261 447 228 194 41 583 419 329 663 566 429 325 144 318 513 590 504 357 552 550 328 431 414 486 450 321 559 436 604 244 273 459 180 417 544 667 639 433 320 191 592 613 670 211 478 335 377 109 127 154 364 29 10 604 238 117 207 348 347 618 633 470 554 570 251 75 182 158 228 209 489 605 572 562 564 296 26 50 219 67 380 208 30 374 451 262 307 402 453 538 319 587 143 206 284 437 430 589 78 483 386 453 512 229 316 485 429 257 597 522 498 89 309 285 336 515 59 159 375 401 103 371 165 452 85 67 581 370 328 539 174 202 61 298 347 189 519 82 494 161 199 313 509 435 67 488 394 54 197 254 225 521 181 468 478 14 485 314 372 516 44 490 277 309 128 315 343 5 251 47 409 338 181 264 498 530 503 181 349 329 421 171 372 292 531 336 480 319 459 433 330 498 149 138 151 246 52 405 185 405 168 328 9 161 511 75 447 184 319 167 360 11 111 154 246 475 479 161 257 272 279 484 73 51 395 308 428 466 109 303 258 458 400 442 141 426 20 197 109 345 202 464 61 392 154 62 469 83 366 91 12 5 304 302 249 101 93 137 225 402 90 211 224 378 268 378 334 404 221 378 261 424 251 205 382 57 317 228 275 390 24 195 148 165 240 376 319 334 368 204 359 299 102 124 260 289 391 295 247 367 90 290 130 160 411 61 390 23 63 235 90 257 162 402 386 62 257 123 179 280 300 283 177 319 215 40 335 300 213 267 221 311 170 262 362 80 11 67 84 260 317 300 184 313 282 51 360 264 183 324 34 27 126 150 117 237 352 77 244 64 353 81 48 15 17 109 144 281 262 160 47 144 281 77 287 242 295 263 4 239 134 59 90 305 199 257 287 328 212 226 180 215 198 280 174 162 144 152 250 304 224 274 24 56 294 271 310 154 210 168 267 232 104 30 96 266 243 62 133 154 46 166 252 211 47 179 27 161 120 187 181 222 198 13 51 7 10 112 20 212 95 85 15 165 84 1 147 103 198 140 170 66 93 61 52 226 235 238 248 120 252 186 66 10 165 91 26 70 103 139 53 25 115 82 231 209 146 138 191 105 83 55 205 154 138 162 19 127 33 30 111 44 131 111 137 193 104 70 27 141 9 140 190 150 8 100 100 158 141 44 171 45 74 104 48 136 164 152 124 144 147 145 35 34 105 64 67 91 167 162 172 143 90 19 114 135 114 71 77 83 44 118 136 105 113 29 130 12 81 48 98 93 103 82 37 136 113 28 106 74 57 119 10 76 13 10 55 17 43 30 51 142 8 25 46 91 29 116 93 26 125 44 89 104 114 43 2 70 61 7 17 109 89 23 57 112 15 61 3 60 73 11 89 72 73 40 99 22 92 13 96 25 16 31 61 48 46 55 67

973 973
793 760 523 563 370 242 112 183 958 612 837 606 539 814 339 481 196 752 693 580 362 87 290 180 740 417 790 184 64 329 741 378 310 62 801 849 331 330 692 434 884 511 16 815 57 519 259 634 172 679 206 635 165 109 339 473 2 225 187 692 751 700 469 383 447 817 477 778 484 871 479 457 378 48 833 627 129 462 14 467 296 56 130 246 311 169 687 728 794 36 366 561 708 864 189 878 27 404 533 668 312 599 57 268 590 692 648 845 373 164 36 208 690 562 340 824 101 275 540 782 141 440 771 268 340 482 281 581 802 755 140 229 279 377 601 744 811 542 186 7 376 388 265 383 515 202 476 502 210 136 630 531 473 211 143 471 567 356 792 308 429 623 66 682 545 590 119 86 597 599 398 643 208 449 645 686 249 258 767 214 348 368 753 501 143 187 512 714 25 113 258 675 495 308 541 556 52 157 419 30 355 590 171 39 83 9 534 158 43 473 305 35 295 351 89 729 647 336 616 117 484 513 702 579 370 573 103 3 188 35 541 46 33 666 283 594 563 255 655 469 152 430 70 382 367 232 214 585 635 318 266 457 90 416 136 264 481 580 4 557 153 127 83 351 261 705 210 162 78 607 644 499 321 317 118 146 58 114 645 602 548 410 649 531 127 52 298 543 610 245 207 488 49 515 635 281 322 198 39 49 240 380 216 188 118 21 194 438 625 206 309 114 631 646 539 180 248 451 124 522 555 579 594 259 169 123 442 130 326 304 511 593 107 303 91 244 77 140 489 3 294 543 260 33 628 439 349 191 477 24 529 475 6 453 373 346 279 78 433 216 78 139 475 112 195 391 505 221 50 11 195 89 35 545 338 438 204 301 108 444 327 215 299 136 470 348 321 549 127 40 214 116 220 366 410 155 87 234 419 167 411 209 292 502 220 205 252 385 77 390 268 101 551 340 482 66 176 383 98 395 407 185 37 364 538 518 528 375 190 492 410 346 334 68 212 303 46 82 513 86 80 267 130 234 287 388 258 359 179 276 383 434 226 142 374 477 133 91 467 224 486 176 85 122 376 403 387 495 490 469 499 372 279 65 53 441 151 454 76 145 317 11 485 232 98 73 429 481 64 393 457 288 380 296 306 367 71 341 129 468 373 380 36 70 38 140 158 229 45 188 254 101 34 249 315 314 356 141 107 65 115 168 205 440 369 355 353 385 404 298 164 40 213 143 82 429 408 424 305 176 71 287 358 302 25 123 380 365 151 156 177 110 279 263 130 169 334 208 296 356 353 153 264 166 374 229 329 229 30 146 15 400 286 34 382 296 312 20 151 98 95 346 368 135 123 201 63 76 291 227 226 380 63 211 214 197 77 293 22 350 237 332 264 290 149 322 213 103 95 48 67 172 199 345 117 341 65 96 120 287 39 226 246 257 38 316 256 209 187 290 133 24 48 261 40 1 266 277 171 32 14 98 268 101 310 49 245 136 253 57 55 277 260 61 162 252 157 256 255 231 26 85 155 228 133 106 247 52 222 179 161 216 203 153 165 198 161 62 197 211 277 233 170 196 169 277 81 239 169 66 61 12 46 133 186 89 136 176 216 191 46 229 131 50 75 132 57 77 198 186 183 39 118 224 81 134 164 212 53 10 249 124 86 205 96 33 119 96 144 216 37 195 182 226 87 212 98 15 75 93 172 224 48 66 224 43 8 104 141 191 180 49 107 54 140 7 168 103 173 173 71 151 53 71 125 24 21 182 24 201 45 166 65 196 176 58 63 41 133 176 13 49 78 146 32 115 121 16 70 58 25 145 136 105 40 142 105 46 171 30 113 168 146 147 18 21 157 68 109 87 6 13 78 13 155 117 67 44 53 71 144 130 80 50 60 14 9 97 54 89 86 64 39 81 104 14 6 132 9 77 60 19 26 70 40 124 102 68 106 83 80 46 81 50 52 30 25 85 72 41 59 21 29 76 97 36 27 101 30 48 38 35 47 86 9 60 31 86 80 11 9 53 85 28 56 38 15 39 21 37 43 18 1 8 75 60 29 75 60 57 21 22 18 48 45 9 21 17 36 15 57 12 14 22 2 39 49 43 2 35 43 41 19 40 8 10 32 17 44 15 39 14 26 23 31 20 9 11 15 14 17 30 7 9 24 11 25 16 6 1 11 15 10 2 15 10 5 15 9 4 2 7 8 1 4 3 6 3 2 2 1 1 1

993 992
941 2 952 108 296 504 719 191 550 74 650 738 774 540 398 262 681 293 394 44 564 62 940 467 265 53 912 6 812 413 433 129 313 689 108 629 985 437 928 246 602 700 515 920 993 108 736 583 980 37 513 322 898 365 164 716 970 326 383 540 228 148 43 820 401 450 983 203 283 697 974 619 622 639 631 481 434 168 171 422 985 760 426 388 977 92 306 489 905 848 167 716 393 162 940 234 435 168 715 890 57 749 834 755 225 451 14 899 767 290 953 927 548 511 772 402 585 104 975 824 948 195 38 124 570 65 324 336 563 464 712 904 904 444 143 296 473 739 900 660 613 743 530 211 374 786 889 335 332 157 296 516 155 901 941 845 301 853 523 578 19 976 518 313 832 698 81 226 367 773 813 127 710 286 229 875 114 449 213 307 794 386 557 568 175 368 100 362 606 503 982 200 463 966 492 440 915 441 861 48 729 326 536 709 34 157 832 701 646 367 6 771 379 295 945 321 305 436 346 198 30 191 704 154 733 832 562 846 520 439 123 693 49 438 843 652 337 355 89 278 947 51 34 676 814 455 761 35 222 859 347 951 32 94 324 802 823 556 386 391 951 418 132 303 70 379 790 2 548 262 640 661 51 122 615 44 681 698 86 248 877 504 806 570 141 509 5 541 984 304 24 931 703 616 279 198 21 666 583 433 156 801 879 146 948 568 837 275 403 739 829 913 610 377 539 983 418 586 729 87 16 352 762 280 909 275 332 84 673 81 608 660 317 17 568 487 42 95 396 15 227 533 502 75 405 316 772 220 780 848 931 377 157 627 550 344 671 555 805 12 529 487 962 530 637 438 488 672 537 56 212 197 476 275 734 881 387 886 981 664 247 707 58 346 8 90 225 479 469 529 539 651 175 167 845 947 621 612 990 800 29 201 353 661 622 440 725 775 954 602 937 535 755 43 90 656 479 695 122 357 246 841 588 419 102 857 467 667 134 680 53 908 39 795 812 729 888 650 360 711 242 647 575 193 186 413 795 488 865 975 978 136 40 506 639 932 396 477 378 690 688 158 813 948 430 157 476 79 167 316 578 759 674 131 380 974 40 842 833 787 941 324 555 96 442 454 919 857 278 193 658 150 600 403 514 386 63 481 623 945 709 439 44 788 736 351 23 496 349 422 604 521 198 510 891 213 380 836 936 330 131 241 5 14 206 738 301 783 324 264 580 653 909 252 35 860 856 310 420 159 909 743 273 173 329 146 54 483 463 392 382 56 694 674 279 596 379 677 19 362 528 646 869 256 792 81 48 340 728 128 338 330 655 627 55 446 261 726 736 66 167 622 803 635 387 516 854 723 247 108 749 453 218 53 415 557 462 731 489 256 228 649 681 604 566 844 54 338 670 802 288 667 355 37 816 658 236 52 551 198 797 830 152 207 14 770 701 13 11 188 234 205 404 833 161 582 238 773 465 390 715 758 336 227 786 194 539 480 125 694 101 516 344 96 47 50 715 528 433 561 447 255 636 507 338 17 83 291 149 6 789 735 45 556 326 171 756 65 475 55 548 512 734 25 442 779 297 176 32 94 245 69 59 95 365 139 723 690 217 188 165 676 609 710 325 27 172 679 207 563 578 525 415 403 194 606 722 475 597 284 526 367 131 541 634 180 225 216 666 126 736 662 447 584 639 475 29 527 639 269 488 376 482 609 678 584 99 63 474 175 248 304 656 306 559 621 593 627 653 472 23 151 424 173 462 556 479 474 369 217 437 547 469 151 98 236 153 92 38 234 31 432 517 492 427 97 478 571 12 505 371 120 126 602 250 257 159 239 108 417 89 258 623 74 49 192 210 40 601 248 331 259 405 560 242 424 339 375 499 521 32 342 300 552 40 621 92 419 455 219 625 116 247 526 8 47 3 175 51 280 518 508 477 514 253 61 59 609 235 588 550 73 573 212 533 573 598 570 453 36 296 124 567 433 292 297 242 341 86 395 243 498 589 43 592 90 410 283 489 137 230 1 411 182 185 581 348 59 104 56 248 292 358 49 133 226 426 247 292 124 454 242 406 261 78 547 156 339 259 475 456 293 316 244 488 290 532 329 8 176 251 381 237 171 218 317 294 227 68 496 112 346 268 300 247 443 486 408 350 274 55 286 474 92 29 302 295 519 27 41 232 322 286 384 200 398 240 245 348 200 321 506 367 185 22 491 242 165 114 300 334 211 81 474 203 462 10 93 301 143 30 331 161 424 91 252 3 133 94 87 169 432

990 985
983 550 856 811 656 389 672 870 796 927 194 505 48 516 8 268 421 520 47 920 518 61 761 392 96 641 414 871 243 88 450 928 669 592 76 432 244 833 309 370 629 630 140 430 23 370 470 300 624 610 724 453 791 882 799 646 229 47 429 487 948 737 200 547 485 679 190 126 80 948 746 295 241 87 731 318 224 964 676 534 912 639 513 256 212 682 887 451 825 402 841 845 451 988 39 14 429 422 931 45 486 455 961 941 983 403 202 285 7 956 464 292 199 144 867 103 923 752 218 908 326 904 329 48 976 727 939 442 837 749 781 130 275 419 857 533 564 219 580 332 275 820 508 288 164 798 462 173 849 240 665 281 70 464 892 679 912 643 528 869 623 336 969 613 981 849 947 687 684 604 893 591 780 224 740 573 50 375 614 339 469 983 154 554 864 64 46 887 217 299 248 156 297 326 2 694 112 523 744 593 659 759 176 275 306 176 411 830 956 454 55 891 315 132 150 873 193 687 464 982 74 89 559 826 521 140 270 43 359 234 490 864 144 186 750 389 658 600 635 590 598 346 927 436 714 306 710 620 40 907 622 622 555 154 482 802 688 865 545 167 895 945 735 237 41 514 753 45 251 439 706 406 856 195 194 500 494 327 236 393 69 256 648 326 96 806 177 895 486 451 458 54 773 791 812 34 592 334 847 805 952 645 885 545 312 855 609 171 43 967 453 108 266 809 292 761 494 187 603 500 69 375 670 934 724 479 344 951 292 453 559 191 214 147 745 690 264 656 45 183 422 359 577 760 639 661 164 568 386 18 433 813 307 53 10 493 832 674 512 606 145 499 963 558 265 315 133 369 556 502 443 759 284 957 830 80 288 91 493 317 760 194 977 565 647 286 23 464 332 714 516 368 90 704 77 50 365 710 847 312 947 180 287 356 485 198 913 876 85 468 640 496 670 183 326 984 900 834 532 780 498 861 803 543 526 745 929 849 315 450 695 138 256 322 125 851 801 267 708 47 687 383 591 286 552 863 893 107 248 869 666 988 908 913 163 660 710 877 747 68 832 810 81 139 482 297 812 797 13 302 377 841 203 573 823 157 317 818 143 958 250 284 119 893 328 22 961 599 451 461 343 368 283 838 630 725 302 40 739 937 48 694 597 612 400 99 722 748 399 976 332 567 938 708 111 294 521 667 603 81 449 669 346 521 642 164 448 988 598 113 642 877 660 343 580 122 801 699 395 830 30 858 604 537 941 406 657 662 977 923 183 299 391 331 819 354 312 969 668 734 619 262 808 716 76 328 594 986 118 325 119 923 948 432 859 949 756 593 934 802 461 207 633 466 319 144 484 769 80 174 563 945 739 257 583 178 481 921 324 563 597 774 15 763 371 329 981 989 388 882 250 315 306 555 814 722 623 902 860 126 40 558 353 479 56 575 463 444 605 109 423 591 148 450 29 34 21 752 934 791 384 456 527 579 539 400 725 841 191 886 583 608 232 957 835 153 668 465 756 381 473 16 864 152 632 511 499 710 483 722 325 93 485 676 671 599 208 693 111 648 468 6 828 21 58 395 21 152 132 631 199 68 571 202 433 508 977 440 777 779 318 255 816 285 387 421 615 25 460 81 375 815 103 943 363 91 936 623 916 954 277 842 166 571 469 654 639 765 164 738 356 48 4 210 297 943 953 455 648 568 677 389 236 484 106 698 940 433 941 634 121 801 70 508 202 291 480 826 828 131 93 499 553 183 58 351 326 966 654 481 692 113 193 456 223 786 905 212 281 400 364 683 698 258 972 583 692 866 497 239 726 791 240 260 556 465 624 984 381 411 160 677 698 846 680 140 248 258 569 718 2 240 832 618 343 313 558 12 899 55 224 807 726 825 72 389 239 238 749 297 545 31 721 89 218 564 707 777 757 586 699 804 261 39 149 497 539 894 192 43 38 328 697 921 297 257 899 526 122 607 357 457 112 859 899 692 251 934 556 235 592 698 449 434 888 701 606 822 194 72 865 150 343 443 769 451 403 309 81 211 970 626 557 295 814 860 361 320 615 750 742 942 448 944 794 255 532 54 335 930 638 338 822 27 29 473 490 337 369 941 206 939 715 346 302 779 151 331 530 931 22 551 368 904 216 264 47 375 107 921 543 609 416 750 410 713 483 447 895 660 11 620 770 784 760 260 250 654 688 507 247 50 331 362 186 824 43 549 406 473 648 306 889 165 502 473 845 711 609 712 140 441 721 617 210

978 999
741 72 403 626 805 726 27 229 372 585 432 472 313 355 331 452 853 663 721 333 194 562 853 215 362 369 166 342 85 88 403 188 697 66 555 723 642 798 672 41 32 188 214 573 53 815 247 10 743 658 663 318 271 956 930 828 539 351 864 555 459 459 334 228 654 719 571 157 129 750 375 546 552 538 649 703 27 529 140 422 452 578 702 71 814 471 476 195 345 297 585 534 805 851 312 129 935 947 260 706 527 282 169 470 132 96 674 605 301 322 676 395 259 785 406 155 201 682 253 270 60 190 440 502 681 33 339 925 244 65 975 794 16 929 308 388 891 915 231 726 797 704 637 191 132 577 872 36 963 928 872 163 805 249 455 105 745 626 552 141 157 718 399 915 164 334 189 589 419 933 376 58 106 472 491 466 412 451 605 29 943 284 489 964 850 634 846 196 872 652 253 45 556 308 71 612 661 442 260 319 682 229 933 588 409 394 527 240 467 171 941 660 340 61 572 586 710 282 727 599 725 548 375 496 277 494 12 298 693 947 451 953 756 836 672 208 855 967 318 382 109 904 859 524 754 490 278 584 902 770 586 134 492 169 266 851 622 377 685 467 329 423 34 111 185 230 457 808 574 534 915 646 711 282 615 236 678 654 685 841 305 426 177 93 367 533 386 304 580 4 332 820 737 829 742 367 380 648 542 598 220 686 793 815 817 674 118 422 370 122 890 447 793 794 541 973 196 829 600 357 606 157 65 867 376 333 172 935 962 480 411 750 909 525 5 11 437 730 131 549 961 459 854 541 504 317 364 147 555 208 413 84 117 429 742 197 470 921 730 115 275 547 239 781 723 863 264 475 106 310 147 77 455 246 80 295 743 203 284 632 840 4 961 125 217 651 227 363 521 491 116 509 972 418 752 594 901 106 608 737 722 80 625 212 673 46 721 576 154 670 340 812 884 286 575 676 268 390 294 184 367 934 666 831 430 938 291 965 17 881 286 555 528 408 929 449 133 342 310 285 626 506 379 524 589 178 789 159 38 810 776 770 443 242 546 209 617 133 172 865 456 249 521 784 705 437 526 444 944 646 523 505 263 262 149 365 432 619 292 642 121 494 245 616 140 830 625 405 404 690 246 198 462 548 245 4 423 758 746 726 463 399 301 773 637 978 594 295 949 787 368 368 396 76 919 720 529 464 119 792 496 288 716 702 521 594 317 765 728 867 454 818 222 483 288 814 766 265 332 845 352 533 429 580 278 642 105 7 837 150 885 549 515 284 636 779 686 634 448 28 546 194 557 536 196 169 129 581 56 166 927 416 834 504 162 329 437 484 820 917 889 441 534 140 245 187 96 675 765 478 555 507 89 286 760 573 44 445 765 521 146 505 889 235 216 396 526 793 488 730 740 513 600 871 34 245 866 599 12 397 302 119 619 281 699 503 639 632 778 95 594 562 16 148 236 779 734 180 836 131 495 768 371 698 169 549 52 499 375 743 55 257 344 525 665 356 445 508 305 274 758 186 681 785 668 429 41 649 734 118 867 504 814 487 677 739 455 744 593 323 744 374 662 820 391 498 278 744 66 252 527 171 714 753 626 613 54 370 658 659 728 757 145 309 732 435 57 552 734 362 347 356 33 39 19 124 781 567 341 508 354 729 559 481 155 376 797 23 424 140 555 13 145 362 102 636 794 79 268 611 521 708 784 293 439 699 505 699 566 171 771 560 766 104 40 482 344 429 716 635 324 757 245 266 522 137 508 179 72 707 520 67 155 78 286 174 231 759 53 669 647 357 641 246 707 653 318 613 453 365 170 618 196 477 228 638 5 642 681 387 486 258 542 652 734 481 257 128 417 571 603 113 628 372 242 303 702 672 240 498 622 503 554 141 258 318 152 422 68 516 613 669 108 557 345 238 369 377 556 282 665 7 535 3 367 12 595 277 480 548 517 600 665 149 651 461 679 426 99 95 206 283 431 563 454 527 419 514 142 643 63 214 665 406 155 157 230 166 23 43 508 593 404 603 505 231 492 108 172 175 41 418 270 339 293 347 475 427 574 605 386 584 233 332 552 114 380 172 209 412 126 534 469 624 30 167 545 97 519 224 240 477 299 433 268 348 202 423 297 211 195 219 293 594 603 239 21 150 211 529 17 219 284 258 412 168 150 233 442 362 526 232 313 537 544 215 344 69 12 402 265 207 519 504 374 349 382 207 517 537 250 274 376 382 351 155 418 222 318 431 2 385 555 74 531 149 180 306 348 292 241 265 258 218 507 372 313 276 409

996 1000
978 76 211 906 697 823 142 664 37 185 674 805 886 971 562 906 201 296 123 84 116 140 531 52 450 922 659 237 121 723 23 68 319 407 121 991 583 111 722 272 847 648 313 821 100 708 967 840 147 564 64 504 842 676 914 422 756 623 354 643 411 835 545 447 988 252 313 970 932 197 435 138 361 831 788 7 283 244 327 627 257 672 696 223 457 17 942 891 322 916 291 264 270 878 59 841 110 431 939 616 749 716 102 354 704 663 891 605 16 37 764 303 637 295 74 705 825 963 668 320 487 967 498 420 377 487 481 282 24 84 611 34 364 932 69 469 124 944 45 619 738 248 977 412 962 149 113 164 419 673 865 8 510 580 26 410 74 208 851 460 69 987 2 761 302 896 518 659 882 529 105 32 931 442 34 171 649 644 153 61 681 19 370 603 481 109 28 339 992 941 817 125 959 56 358 728 254 980 732 424 433 939 664 614 211 474 287 612 892 392 755 795 516 824 401 211 629 457 991 388 877 21 86 270 18 708 541 441 958 234 91 725 557 299 974 539 59 114 534 243 545 183 334 365 845 128 582 648 83 49 926 326 312 279 934 741 597 875 189 61 311 202 659 220 933 899 826 861 843 991 97 759 273 114 948 173 97 864 85 448 225 488 454 373 530 423 762 23 204 420 329 771 250 164 248 910 307 342 371 684 484 715 284 680 411 793 936 797 455 64 508 701 284 806 630 950 383 3 183 2 755 674 511 125 905 255 545 28 657 347 177 155 936 833 883 770 762 350 837 319 54 254 778 537 472 132 666 958 820 27 742 484 190 211 395 704 641 583 138 967 104 594 115 604 1 737 403 550 578 766 586 316 974 339 572 729 677 369 652 281 184 283 96 409 923 885 687 243 754 657 609 174 592 368 569 844 379 527 977 473 974 787 716 245 535 193 42 97 390 352 359 994 1 754 389 336 759 156 224 894 384 334 22 713 898 122 388 841 611 53 952 714 401 537 524 901 555 876 748 579 545 659 470 498 907 456 891 890 473 12 665 586 402 302 922 844 352 723 819 795 354 729 720 863 566 545 194 374 56 209 506 965 70 618 849 523 64 130 124 700 111 751 112 225 663 933 498 584 364 374 84 985 424 286 864 228 873 335 474 192 780 299 437 34 631 767 959 234 44 916 86 709 82 29 768 600 253 791 73 917 568 257 394 694 271 239 564 837 427 431 509 233 70 796 287 121 956 411 448 196 808 337 760 513 723 962 191 177 225 422 454 832 960 982 30 599 183 275 419 558 726 537 644 437 329 139 224 431 693 946 497 168 136 655 489 685 125 131 321 492 665 624 405 517 380 285 355 310 382 399 746 195 823 577 611 143 895 865 317 678 724 344 993 740 924 938 261 544 269 487 776 844 974 223 561 811 877 261 964 752 682 911 491 227 434 379 885 948 249 884 920 437 636 422 780 486 422 136 657 185 548 913 125 778 75 340 677 477 310 838 273 80 835 630 616 613 546 647 499 13 136 625 387 905 854 620 346 296 774 662 597 168 701 312 921 628 552 27 467 327 117 329 365 886 511 488 863 449 361 112 785 318 347 451 846 338 313 810 77 688 411 729 580 276 160 405 449 721 550 182 602 549 81 586 818 544 564 380 120 761 236 686 409 207 284 629 776 733 651 254 395 841 419 680 843 226 176 837 776 809 327 720 415 388 588 206 524 554 358 699 843 427 432 418 741 468 111 580 77 805 369 139 27 559 742 516 240 296 662 118 745 778 467 471 352 91 549 200 124 588 311 684 502 39 511 116 558 809 553 693 59 472 564 780 651 260 41 513 303 723 314 204 360 51 248 57 528 119 621 757 396 453 631 671 123 397 238 641 177 199 541 289 39 336 431 17 661 613 179 634 144 494 703 436 570 742 144 324 113 747 721 131 150 9 412 441 7 253 558 266 115 205 123 658 60 241 499 73 19 291 332 41 592 210 190 94 723 647 652 169 186 244 77 299 721 37 73 295 206 359 563 274 204 372 569 173 470 365 519 581 636 533 226 661 487 213 131 629 74 695 638 309 205 18 34 345 676 277 422 275 562 337 513 681 20 594 573 193 574 263 534 568 444 507 246 166 519 64 272 80 629 162 303 352 164 438 19 315 434 172 651 610 54 493 511 424 43 244 494 412 505 5 525 318 329 353 474 400 637 479 321 331 170 423 274 365 278 365 429 242 98 192 159 330 39 432 188 549 616 463 613 139 444 285 92 329 74 444 265 536 471 347 58 303 224 600 144 516 161 114

991 979
436 687 39 855 483 693 720 445 575 833 422 665 112 230 246 941 837 393 795 754 704 337 690 882 612 825 392 267 399 391 364 887 404 155 508 70 243 786 785 99 562 450 240 809 570 80 830 118 168 303 983 581 175 305 618 457 439 897 218 245 418 552 198 800 332 501 497 455 142 83 851 970 903 783 173 708 981 637 868 65 291 897 637 67 471 288 571 759 363 313 380 49 922 367 7 971 794 686 697 786 486 935 772 650 814 945 301 853 141 911 594 762 690 906 233 988 129 956 715 464 320 866 574 342 451 692 21 33 617 689 872 137 731 874 804 925 772 826 736 184 126 433 492 416 85 442 454 31 482 469 623 655 942 112 3 575 75 289 515 17 782 969 742 222 279 472 27 855 69 939 231 650 321 254 720 225 855 718 681 245 285 255 945 60 885 630 262 986 787 582 231 271 347 515 611 27 874 950 402 881 654 782 212 634 165 201 96 473 457 317 603 946 250 583 243 443 751 171 925 817 784 56 425 778 164 591 659 596 369 161 608 795 536 813 654 756 153 77 595 59 496 150 829 677 777 915 621 766 717 288 717 696 528 944 117 556 223 676 961 526 16 283 3 270 634 245 313 80 472 131 753 498 740 667 25 428 957 757 476 547 23 926 487 613 947 932 603 511 351 805 417 396 67 103 246 897 384 196 503 585 152 762 272 560 117 899 653 708 281 839 425 553 487 246 960 911 872 525 874 712 704 625 721 690 360 930 828 947 336 652 835 188 503 726 420 794 100 345 381 687 342 121 873 926 820 103 9 504 149 783 687 414 981 51 893 150 485 164 129 454 887 845 265 412 836 250 976 403 680 42 303 890 440 193 14 57 281 619 867 570 262 449 384 211 522 491 308 184 75 416 259 851 19 616 85 246 614 311 443 94 586 685 570 899 896 475 285 949 580 305 687 286 31 32 518 443 730 24 83 648 339 909 78 457 617 303 774 346 127 965 234 839 957 527 499 301 690 975 137 210 941 304 399 61 528 133 752 60 331 483 639 415 157 590 830 295 786 157 511 598 249 272 434 796 497 836 963 635 284 658 238 282 879 268 361 414 517 344 456 143 823 574 485 687 814 280 731 153 713 410 56 125 121 483 84 317 51 285 664 291 745 180 22 460 873 56 373 694 222 768 277 688 423 606 874 633 338 503 404 102 744 746 608 467 787 347 730 353 126 838 346 906 877 243 260 429 877 954 790 922 894 504 689 299 500 339 246 122 953 78 860 783 236 693 981 734 358 450 743 831 225 55 743 537 526 626 895 483 733 155 851 107 147 346 758 801 783 126 797 173 467 453 902 474 277 383 505 930 647 319 826 665 367 680 468 18 985 370 641 204 531 602 506 285 368 669 584 577 664 1 690 942 808 374 160 245 651 817 24 850 103 957 444 145 284 831 146 294 211 809 341 40 990 755 81 175 953 883 911 789 683 779 401 116 771 39 720 31 384 27 773 282 893 887 660 851 857 505 218 836 377 589 223 596 263 847 357 198 676 793 298 534 339 940 216 18 489 808 511 905 518 177 773 770 282 391 726 651 474 20 939 683 34 181 912 560 944 420 256 121 65 499 714 741 198 289 970 408 252 27 442 173 717 364 800 611 938 944 400 908 868 899 804 374 909 716 273 231 565 617 566 912 106 195 381 875 373 349 169 75 320 301 801 382 315 81 747 649 737 199 403 314 491 232 766 468 570 470 647 353 2 805 314 620 598 682 95 900 745 601 502 442 172 46 816 908 862 85 354 309 945 473 8 140 115 156 536 155 570 970 541 65 320 633 484 815 830 500 427 454 2 302 235 780 404 958 662 876 337 445 340 821 628 119 3 989 646 375 656 771 958 872 449 496 500 102 52 918 261 257 903 217 816 318 381 150 841 196 387 65 530 94 151 32 688 526 141 19 358 909 912 95 335 363 693 535 683 47 781 334 292 119 357 738 687 92 287 810 881 694 422 862 786 659 183 699 827 954 55 957 66 432 245 193 273 593 494 945 720 65 583 287 651 929 676 9 121 186 730 321 802 794 779 631 971 689 9 546 276 475 282 232 253 94 418 680 477 900 581 102 19 896 373 233 762 887 600 804 527 218 125 980 231 925 946 260 86 484 258 783 176 310 561 834 911 174 651 685 249 851 502 613 778 344 501 157 907 798 408 754 27 803 568 443 461 2 447 87 103 572 977 624 141 486 305 991 989 988 654
